10,112
10,164
10,276
10,85
10,288
10,159
10,64
10,193
11,15
11,25
11,14
11,20
11,30
44,6
44,5
44,4
44,3
44,2
44,1
44,0
41,6
41,5
41,4
41,3
41,2
41,1
41,0
38,5
38,4
38,3
38,2
38,1
38,0
20,3
20,2
20,1
19,2
19,1
12,3
19,3
12,2
12,1
11,29
11,26
11,23
11,22
11,21
11,18
11,17
11,16
11,13
11,10
11,8
11,7
11,5
11,4
11,3
11,2
11,1
10,315
10,308
10,250
10,246
10,232
10,198
10,173
10,119
10,116
10,105
10,97
10,95
10,87
10,80
10,76
10,69
10,3
10,2
10,1
18,1
9,7
18,3
9,6
9,5
9,4
14,1
9,3
14,3
13,1
9,2
13,3
9,1
8,18
8,15
8,14
8,12
8,11
8,10
